16 16
1000 -1 18 -4 15 -7 12 -10 9 -13 6 -16 3 -19 0 -1051
17 1056 -5 -16 14 3 -8 -19 11 0 -11 19 8 -3 -14 -3104
13 13 1015 13 13 13 13 13 13 13 13 13 13 13 13 4008
9 20 -10 1071 12 -18 -7 4 15 -15 -4 7 18 -12 -1 2217
5 -14 8 -11 1030 -8 14 -5 17 -2 20 1 -18 4 -15 -51
1 -7 -15 18 10 1086 -6 -14 19 11 3 -5 -13 20 12 -2265
-3 0 3 6 9 12 1045 18 -20 -17 -14 -11 -8 -5 -2 -4140
-7 7 -20 -6 8 -19 -5 1004 -18 -4 10 -17 -3 11 -16 2878
-11 14 -2 -18 7 -9 16 0 1060 9 -7 18 2 -14 11 1005
-15 -20 16 11 6 1 -4 -9 -14 1019 17 12 7 2 -3 -868
-19 -13 -7 -1 5 11 17 -18 -12 -6 1075 6 12 18 -17 -3265
18 -6 11 -13 4 -20 -3 14 -10 7 -17 1034 17 -7 10 4296
14 1 -12 16 3 -10 18 5 -8 20 7 -6 1090 9 -4 2045
10 8 6 4 2 0 -2 -4 -6 -8 -10 -12 -14 1049 -18 -14
6 15 -17 -8 1 10 19 -13 -4 5 14 -18 -9 0 1008 -2427
2 -19 1 -20 0 20 -1 19 -2 18 -3 17 -4 16 -5 99
